1215.67
1025.72
972.537
949.743
937.803
930.748
926.226
923.15
6562.8
4861.32
4340.46
4101.73
3970.07
3889.05
3835.38
3797.9
18751.0
12818.099999999999
10938.1
10049.4
9545.97
9229.02
9014.91
40511.5
26251.5
21655.3
19445.600000000002
18174.1
17362.1
74578.2
46525.100000000006
37395.4
32960.9
30383.7
123684.99999999999
75004.5
59066.0
51272.6
4471.5
5875.66
6678.15
10830.2
3888.64
7065.22
1640.41
4685.68
9850.0
8727.13
4621.57
6095900.0
3702690.0
1576360.0
2326.0
1908.73
1906.68
5200.26
6583.45
6548.05
5754.59
1217690.0
2052829.9999999998
2139.01
573238.0
6300.3
6363.78
5577.34
631679.0
1454950.0
3726.03
3728.81
7332.0
7323.0
2471.0
1660.81
1666.15
5006.84
4958.91
4363.21
2320.95
883323.0
518004.00000000006
128101.0
155509.0
360036.0
3868.76
3967.47
3342.18
1814.56
4720.0
2795.53
2802.71
348046.0
10336.4
6730.82
6716.44
4068.6
4076.35
187078.0
334704.0
9530.62
9068.62
6312.06
3721.63
105076.0
69833.7
7135.79
7751.11
5191.82
3109.18
218253.0
89889.8
7332.15
2669.15
2660.35
1855.93
1862.31
143639.0
8578.7
9123.6
5537.87
5517.71
606263.0
328620.0
12566.800000000001