5.510950925598224785e+03
5.544294495755888420e+03
5.578376728225184706e+03
5.612944467134220758e+03
5.648082725387700521e+03
5.684087373584447050e+03
5.720661067737777557e+03
5.757839408446675407e+03
5.795764178786686898e+03
5.834536405650986126e+03
5.873997085165631688e+03
5.914181946021256408e+03
5.955126738008029861e+03
5.996940165018147127e+03
6.039682902720009224e+03
6.083268931488896669e+03
6.127733788169449326e+03
6.173112922028140929e+03
6.219441668234982899e+03
6.266755221000380516e+03
6.315088606401476682e+03
6.364476654934619546e+03
6.414953973832301017e+03
6.466554919179311582e+03
6.519313567871726264e+03
6.573263689456170141e+03
6.628438717888099745e+03
6.684871723253844721e+03
6.742595383497307012e+03
6.801674776978522459e+03
6.862279258709470923e+03
6.924291764676578168e+03
6.987742826733028778e+03
7.052712382793424695e+03
7.119431915134566225e+03
7.187698702035353563e+03
7.257674806180008090e+03
7.329493576588213728e+03
7.403010906281289863e+03
7.478574782661803511e+03
7.555950631068021721e+03
7.635439612876587489e+03
7.716971485187616963e+03
7.793742916529607101e+03
7.879490917755797454e+03
7.967462411385034102e+03
8.057750374315400222e+03
8.150497045132334279e+03
8.245721071135363673e+03
8.343501345284994386e+03
8.443912934135820251e+03
8.547024575791685493e+03
8.652898500862129367e+03
8.761606260384209236e+03
8.873230318513351449e+03
8.987775753809599337e+03
9.105357504608726231e+03
9.226032302488205460e+03
9.349800697634786047e+03
9.476760969768125506e+03
9.606903408527075953e+03
9.740294011988462444e+03
9.876962961790499321e+03
1.001688710016237565e+04
1.016009149657302623e+04
1.030658340635603963e+04
1.045633150766126892e+04
1.060931041741516492e+04
1.076548801786421245e+04
1.092481840702335649e+04
1.108722197990860332e+04
1.125265489296010855e+04
1.142100464277961510e+04
1.159219260833763292e+04
1.176610366222750417e+04
1.194263678516047730e+04
1.212165224741400380e+04
1.230303102951726396e+04
1.248662004137616896e+04
1.267229102508584219e+04
1.285988882526509406e+04
1.304926384496670107e+04
1.324025769083845807e+04
1.343272118808818595e+04
1.362650453071191077e+04
1.382145217976218373e+04
1.401741625087820466e+04
1.421425270181113592e+04
1.441182000338253965e+04
1.460998149329794069e+04
1.480860673463186686e+04
1.500757107660716974e+04
1.520675600639870754e+04
1.540604938830438368e+04
1.560534560419232730e+04
1.580454560853883777e+04
1.600355691055707211e+04
1.620229349499933778e+04
1.640067569222624297e+04
1.659863000710779306e+04
1.679608891530217079e+04
1.699299063446031141e+04
1.718927887696465041e+04
1.738490258991711016e+04
1.757981342470374875e+04
1.777397123561414628e+04
1.796733931393662715e+04
1.815988159794868989e+04
1.835157042203190576e+04
1.854238145739447646e+04
1.873229116379452898e+04
1.892127644146015155e+04
1.910932235253043837e+04
1.929641443087145308e+04
1.948254428427191669e+04
1.966769618945605544e+04
1.985186240733230807e+04
2.003504466419140954e+04
2.021722927968930162e+04
2.039841532851689044e+04
2.057860718150441608e+04
2.075779801498615780e+04
2.093599394204679629e+04
2.111319154965203779e+04
2.128939530565634050e+04
2.146461170345407663e+04
2.163884079531915995e+04
2.181209106202960902e+04
2.198436644973215880e+04
2.215567130375521083e+04
2.232601668825958768e+04
2.249540619651698580e+04
2.266385135099488616e+04
2.283135274601909623e+04
2.299792234767590708e+04
2.316357238924796911e+04
2.332830237932641103e+04
2.349212798070504141e+04
2.365505470211623469e+04
2.381709379155936767e+04
2.397825068805354385e+04
2.413853887305414901e+04
2.429796092119536479e+04
2.445653252468702340e+04
2.461426055456669928e+04
2.477115044787280203e+04
2.491475203541521478e+04
2.507006569189689981e+04
2.522457155696897826e+04
2.537827822463430857e+04
2.553119430895064215e+04
2.568332843429657805e+04
2.583468922637925789e+04
2.598528530391991080e+04
2.613512527098252394e+04
2.628421770990693403e+04
2.643257117480891975e+04
2.658019418560003760e+04
2.672709522251120507e+04
2.687328272107004159e+04
2.701876506751580018e+04
2.716355059461911878e+04
2.730764757787422423e+04
2.745106423205129977e+04
2.759379857972255923e+04
2.773586592627176287e+04
2.787727617141801966e+04
2.801803728067714474e+04
2.815815714599821149e+04
2.829763983291566183e+04
2.843648241805665748e+04
2.857470605689145304e+04
2.871231835249937649e+04
2.884932583950694971e+04
2.898571596326400322e+04
2.912151622469404174e+04
2.925673391971254750e+04
2.939136251310377702e+04
2.952541114866514545e+04
2.965889783892192645e+04
2.979181663543381728e+04
2.992417229685654092e+04
3.005598598823841894e+04
3.018724438920969624e+04
3.031796393815813281e+04
3.044815804781383486e+04
3.057780687428976307e+04
3.070694536788011465e+04
3.083555742706126330e+04
3.096366019321703425e+04
3.109125739403908301e+04
3.121834664412493294e+04
3.134494774049639091e+04
3.147104521734408263e+04
3.159666860216752684e+04
3.172179558321474542e+04
3.184645928993106281e+04
3.197063659127352366e+04
3.209435829613831083e+04
3.221760627738574476e+04
3.234040330240182448e+04
3.246274187220522799e+04
3.258463118860224495e+04
3.270607981076900614e+04
3.282707804296640097e+04
3.294765232827578438e+04
3.306777917304661969e+04
3.318748596018282842e+04
3.330676911745013786e+04
3.342562420437965920e+04
3.354407297431307234e+04
3.366210051230222598e+04
3.377972000082940212e+04
3.389694320323121792e+04
3.401375280525139533e+04
3.413016847689990391e+04
3.424619760464296996e+04
3.436182574532210856e+04
3.447706844068737701e+04
3.459193405238855485e+04
3.470641603028893587e+04
3.482051567217857519e+04
3.493424741558341339e+04
3.504761406090358651e+04
3.516060300373775681e+04
3.527322963968777185e+04
3.538550001471088763e+04
3.549741682531524566e+04
3.560896982875785034e+04
3.572017157311897608e+04
3.583102825430626399e+04
3.594154246853291988e+04
3.605171425076415471e+04
3.616153736215199024e+04
3.627102618411726144e+04
3.638018321619289054e+04
3.648901093590343953e+04
3.659751179895924724e+04
3.670568019025276590e+04
3.681352369943987287e+04
3.692104807646765403e+04
3.702825568560274405e+04
3.713514887029765669e+04
3.724172995337750763e+04
3.734800123722315038e+04
3.745395943764799449e+04
3.755961019368812413e+04
3.766495838157689286e+04
3.777000621818708896e+04
3.787475590092217317e+04
3.797920960789771925e+04
3.808336949811742670e+04
3.818723771165188373e+04
3.829081636981460906e+04
3.839410757533582364e+04
3.849711341253776482e+04
3.859983594750807242e+04
3.870227405535003345e+04
3.880443322004859510e+04
3.890631555477548682e+04
3.900792304957575107e+04
3.910925767716483824e+04
3.921032139309823833e+04
3.931111613592696813e+04
3.941164382736908738e+04
3.951190637246605183e+04
3.961190565974572382e+04
3.971164356138266885e+04
3.981112193335326447e+04
3.991034261559454171e+04
4.000930743216011615e+04
4.010801819137323764e+04
4.020647668597977463e+04
4.030468469330234075e+04
4.040264397538635239e+04
4.050035627915390069e+04
4.059782062808412593e+04
4.069504056422186113e+04
4.079201837383093516e+04
4.088875574860132474e+04
4.098525436577633081e+04
4.108151588829470711e+04
4.117754196493140626e+04
4.127333423043729999e+04
4.136889430567656382e+04
4.146422379776358866e+04
4.155932430019887397e+04
4.165419739300322544e+04
4.174884329161801725e+04
4.184325917693767406e+04
4.193745205604465446e+04
4.203142345964011474e+04
4.212517490555519908e+04
4.221870789888173022e+04
4.231202393209427100e+04
4.240512448517687153e+04
4.249800864852312952e+04
4.259067346118989371e+04
4.268312692802332458e+04
4.277537048324239731e+04
4.286740554914197128e+04
4.295923353621316346e+04
4.305085584325812670e+04
4.314226439182848844e+04
4.323346862673052965e+04
4.332447109721053857e+04
4.341527315919144166e+04
4.350587615743889910e+04
4.359627696722464316e+04
4.368647380425674055e+04
4.377647534759065456e+04
4.386628290102379106e+04
4.395589775770608685e+04
4.404531560400351736e+04
4.413453578419348196e+04
4.422356689845189248e+04
4.431241020078791189e+04
4.440106693504448776e+04
4.448952577124962409e+04
4.457779890564898960e+04
4.466588896964729065e+04
4.475379716968865250e+04
4.484151460692727414e+04
4.492904769301260239e+04
4.501640231185887387e+04
4.510357963382628077e+04
4.519056965233706433e+04
4.527738011179096065e+04
4.536401657357720978e+04
4.545048017324042303e+04
4.553675639623718598e+04
4.562286115815194353e+04
4.570879626298199582e+04
4.579455648088455928e+04
4.588013851748021261e+04
4.596555403502306581e+04
4.605080411150566943e+04
4.613587328706718836e+04
4.622077794526967773e+04
4.630552021174926631e+04
4.639008961971961980e+04
4.647449197126925719e+04
4.655873491729229136e+04
4.664281119697884424e+04
4.672671962353272102e+04
4.681047156917091343e+04
4.689406124026313046e+04
4.697748395656712819e+04
4.706075305649805523e+04
4.714386252172862442e+04
4.722680757963265205e+04
4.730960182711374364e+04
4.739223737485532183e+04
4.747471266722254950e+04
4.755703989796340466e+04
4.763920770476371399e+04
4.772122096927968960e+04
4.780308886521113163e+04
4.788479499826719984e+04
4.796635382115090033e+04
4.804776748177890840e+04
4.812902033367020340e+04
4.821013215328862861e+04
4.829109380002113903e+04
4.837190439031551796e+04
4.845257650070211093e+04
4.853309192507805710e+04
4.861346745788558474e+04
4.869369999745771929e+04
4.877378190483859362e+04
4.885372944546912186e+04
4.893352498761242896e+04
4.901318341214450629e+04
4.909270179439065396e+04
4.917207396652120951e+04
4.925131575348332262e+04
4.933040610633685719e+04
4.940936601313634310e+04
4.948818477352453920e+04
4.956686557866232033e+04
4.964541485498242400e+04
4.972381930479803850e+04
4.980209871844310692e+04
4.988023199245745491e+04
4.995823924113340036e+04
5.003610838946976583e+04
5.011384613861738035e+04
5.019145319130719872e+04
5.026892407581126463e+04
5.034627104180203605e+04
5.042347766642159695e+04
5.050056578529856779e+04
5.057751147364247299e+04
5.065433930363520631e+04
5.073103001084412972e+04
5.080760008095769444e+04
5.088403774225160305e+04
5.096035255285745370e+04
5.103653908361188223e+04
5.111260110684861866e+04
5.118853840285088518e+04
5.126435008301646303e+04
5.134004002072143339e+04
5.141560377466196951e+04
5.149104821143921436e+04
5.156636642893071985e+04
5.164156720331414544e+04
5.171664224743681552e+04
5.179160117936389724e+04
5.186643538687357795e+04
5.194115427792810078e+04
5.201574995961780223e+04
5.209023059326283692e+04
5.216459003432500322e+04
5.223883417613592610e+04
5.231295963651244529e+04
5.238696903440621099e+04
5.246086274913728266e+04
5.253463913359770959e+04
5.260830331316298543e+04
5.268184839746251964e+04
5.275528522811910807e+04
5.282860070853828802e+04
5.290181235265183204e+04
5.297489990869517351e+04
5.304788637896478758e+04
5.312074979967399850e+04
5.319351069089194789e+04
5.326615414361947478e+04
5.333869109591031884e+04
5.341111666360140225e+04
5.348343130102083524e+04
5.355564104413198220e+04
5.362773497486911219e+04
5.369973077302282036e+04
