3.074500000000000000e+04 0.000000000000000000e+00
3.075500000000000000e+04 0.000000000000000000e+00
3.076500000000000000e+04 0.000000000000000000e+00
3.077500000000000000e+04 3.849862000000000410e-06
3.078500000000000000e+04 0.000000000000000000e+00
3.079500000000000000e+04 2.518463999999999881e-04
3.080500000000000000e+04 5.342399999999999536e-04
3.081500000000000000e+04 5.138728000000000176e-04
3.082500000000000000e+04 5.358741000000000199e-04
3.083500000000000000e+04 5.355136000000000358e-04
3.084500000000000000e+04 5.057396000000000461e-04
3.085500000000000000e+04 4.643609000000000148e-04
3.086500000000000000e+04 4.369582000000000002e-04
3.087500000000000000e+04 4.347956999999999950e-04
3.088500000000000000e+04 4.624658999999999931e-04
3.089500000000000000e+04 5.121207999999999707e-04
3.090500000000000000e+04 5.553374999999999935e-04
3.091500000000000000e+04 5.689935000000000132e-04
3.092500000000000000e+04 5.554668999999999926e-04
3.093500000000000000e+04 5.291891999999999647e-04
3.094500000000000000e+04 5.067325999999999601e-04
3.095500000000000000e+04 5.163754999999999691e-04
3.096500000000000000e+04 5.635910000000000052e-04
3.097500000000000000e+04 6.085946000000000498e-04
3.098500000000000000e+04 6.087135000000000462e-04
3.099500000000000000e+04 5.785315000000000292e-04
3.100500000000000000e+04 5.758550000000000084e-04
3.101500000000000000e+04 6.075625000000000296e-04
3.102500000000000000e+04 6.190552000000000424e-04
3.103500000000000000e+04 5.815396000000000454e-04
3.104500000000000000e+04 5.409780000000000101e-04
3.105500000000000000e+04 5.683220000000000112e-04
3.106500000000000000e+04 6.611034000000000441e-04
3.107500000000000000e+04 7.581321999999999714e-04
3.108500000000000000e+04 8.286685000000000231e-04
3.109500000000000000e+04 8.772031000000000446e-04
3.110500000000000000e+04 9.155589000000000002e-04
3.111500000000000000e+04 9.630975999999999860e-04
3.112500000000000000e+04 1.048670999999999935e-03
3.113500000000000000e+04 1.168874999999999992e-03
3.114500000000000000e+04 1.277638999999999901e-03
3.115500000000000000e+04 1.356042999999999919e-03
3.116500000000000000e+04 1.444027999999999978e-03
3.117500000000000000e+04 1.592663000000000021e-03
3.118500000000000000e+04 1.794095000000000108e-03
3.119500000000000000e+04 1.997883000000000211e-03
3.120500000000000000e+04 2.184006999999999962e-03
3.121500000000000000e+04 2.362939000000000098e-03
3.122500000000000000e+04 2.548218000000000098e-03
3.123500000000000000e+04 2.754105000000000181e-03
3.124500000000000000e+04 2.997899999999999957e-03
3.125500000000000000e+04 3.278412000000000080e-03
3.126500000000000000e+04 3.568255000000000211e-03
3.127500000000000000e+04 3.868092000000000058e-03
3.128500000000000000e+04 4.229410999999999761e-03
3.129500000000000000e+04 4.702292000000000277e-03
3.130500000000000000e+04 5.267723999999999671e-03
3.131500000000000000e+04 5.859872999999999818e-03
3.132500000000000000e+04 6.466897999999999570e-03
3.133500000000000000e+04 7.133699000000000290e-03
3.134500000000000000e+04 7.892948999999999798e-03
3.135500000000000000e+04 8.742051000000000682e-03
3.136500000000000000e+04 9.668720000000000439e-03
3.137500000000000000e+04 1.068197000000000070e-02
3.138500000000000000e+04 1.180208999999999946e-02
3.139500000000000000e+04 1.305110999999999945e-02
3.140500000000000000e+04 1.446094000000000025e-02
3.141500000000000000e+04 1.605534999999999948e-02
3.142500000000000000e+04 1.781848999999999933e-02
3.143500000000000000e+04 1.971122000000000152e-02
3.144500000000000000e+04 2.174894999999999953e-02
3.145500000000000000e+04 2.400350000000000053e-02
3.146500000000000000e+04 2.652420999999999945e-02
3.147500000000000000e+04 2.931477999999999862e-02
3.148500000000000000e+04 3.236826999999999760e-02
3.149500000000000000e+04 3.570969000000000226e-02
3.150500000000000000e+04 3.939240000000000103e-02
3.151500000000000000e+04 4.341648000000000035e-02
3.152500000000000000e+04 4.771141000000000271e-02
3.153500000000000000e+04 5.224021000000000220e-02
3.154500000000000000e+04 5.706958000000000170e-02
3.155500000000000000e+04 6.230621000000000076e-02
3.156500000000000000e+04 6.802695999999999743e-02
3.157500000000000000e+04 7.431564999999999699e-02
3.158500000000000000e+04 8.116067000000000420e-02
3.159500000000000000e+04 8.838087000000000026e-02
3.160500000000000000e+04 9.580068999999999391e-02
3.161500000000000000e+04 1.034580999999999973e-01
3.162500000000000000e+04 1.115229999999999971e-01
3.163500000000000000e+04 1.200528000000000012e-01
3.164500000000000000e+04 1.290231000000000017e-01
3.165500000000000000e+04 1.383857000000000004e-01
3.166500000000000000e+04 1.480259999999999909e-01
3.167500000000000000e+04 1.578108000000000011e-01
3.168500000000000000e+04 1.677881999999999985e-01
3.169500000000000000e+04 1.781895000000000007e-01
3.170500000000000000e+04 1.890074999999999950e-01
3.171500000000000000e+04 1.999016999999999877e-01
3.172500000000000000e+04 2.105818999999999885e-01
3.173500000000000000e+04 2.210854999999999904e-01
3.174500000000000000e+04 2.316034999999999899e-01
3.175500000000000000e+04 2.422034000000000131e-01
3.176500000000000000e+04 2.529229000000000060e-01
3.177500000000000000e+04 2.636573999999999862e-01
3.178500000000000000e+04 2.740085999999999911e-01
3.179500000000000000e+04 2.835717999999999850e-01
3.180500000000000000e+04 2.923655000000000004e-01
3.181500000000000000e+04 3.006816999999999962e-01
3.182500000000000000e+04 3.087344000000000199e-01
3.183500000000000000e+04 3.167504999999999904e-01
3.184500000000000000e+04 3.247945999999999889e-01
3.185500000000000000e+04 3.324908999999999781e-01
3.186500000000000000e+04 3.392939999999999845e-01
3.187500000000000000e+04 3.450891999999999848e-01
3.188500000000000000e+04 3.500827000000000244e-01
3.189500000000000000e+04 3.544874000000000080e-01
3.190500000000000000e+04 3.586126000000000036e-01
3.191500000000000000e+04 3.626858000000000026e-01
3.192500000000000000e+04 3.664644000000000235e-01
3.193500000000000000e+04 3.694011999999999851e-01
3.194500000000000000e+04 3.713781999999999917e-01
3.195500000000000000e+04 3.726889999999999925e-01
3.196500000000000000e+04 3.735777000000000125e-01
3.197500000000000000e+04 3.741909999999999958e-01
3.198500000000000000e+04 3.746367999999999920e-01
3.199500000000000000e+04 3.748260999999999954e-01
3.200500000000000000e+04 3.744524000000000186e-01
3.201500000000000000e+04 3.735065000000000190e-01
3.202500000000000000e+04 3.723800999999999917e-01
3.203500000000000000e+04 3.714045999999999736e-01
3.204500000000000000e+04 3.705737000000000059e-01
3.205500000000000000e+04 3.697204000000000046e-01
3.206500000000000000e+04 3.687311999999999812e-01
3.207500000000000000e+04 3.674797000000000202e-01
3.208500000000000000e+04 3.659163000000000276e-01
3.209500000000000000e+04 3.641541999999999835e-01
3.210500000000000000e+04 3.623381999999999992e-01
3.211500000000000000e+04 3.604898000000000269e-01
3.212500000000000000e+04 3.585472000000000103e-01
3.213500000000000000e+04 3.565592000000000206e-01
3.214500000000000000e+04 3.546775999999999818e-01
3.215500000000000000e+04 3.530278000000000027e-01
3.216500000000000000e+04 3.516775999999999791e-01
3.217500000000000000e+04 3.506572000000000022e-01
3.218500000000000000e+04 3.498685999999999741e-01
3.219500000000000000e+04 3.491062999999999805e-01
3.220500000000000000e+04 3.482276999999999734e-01
3.221500000000000000e+04 3.471355999999999886e-01
3.222500000000000000e+04 3.458242999999999734e-01
3.223500000000000000e+04 3.446162999999999865e-01
3.224500000000000000e+04 3.440497000000000138e-01
3.225500000000000000e+04 3.441261999999999932e-01
3.226500000000000000e+04 3.442617000000000038e-01
3.227500000000000000e+04 3.441100000000000270e-01
3.228500000000000000e+04 3.438179000000000096e-01
3.229500000000000000e+04 3.436579000000000161e-01
3.230500000000000000e+04 3.436790000000000123e-01
3.231500000000000000e+04 3.438000999999999974e-01
3.232500000000000000e+04 3.440209000000000183e-01
3.233500000000000000e+04 3.443938999999999750e-01
3.234500000000000000e+04 3.449626000000000081e-01
3.235500000000000000e+04 3.457636000000000043e-01
3.236500000000000000e+04 3.468331000000000053e-01
3.237500000000000000e+04 3.480622999999999911e-01
3.238500000000000000e+04 3.491723999999999939e-01
3.239500000000000000e+04 3.500673999999999730e-01
3.240500000000000000e+04 3.509514000000000244e-01
3.241500000000000000e+04 3.520659999999999901e-01
3.242500000000000000e+04 3.534750999999999865e-01
3.243500000000000000e+04 3.551362000000000130e-01
3.244500000000000000e+04 3.570112999999999759e-01
3.245500000000000000e+04 3.590492000000000128e-01
3.246500000000000000e+04 3.611720999999999959e-01
3.247500000000000000e+04 3.632480000000000153e-01
3.248500000000000000e+04 3.651442999999999772e-01
3.249500000000000000e+04 3.669278999999999735e-01
3.250500000000000000e+04 3.688491999999999882e-01
3.251500000000000000e+04 3.710107999999999739e-01
3.252500000000000000e+04 3.733195999999999737e-01
3.253500000000000000e+04 3.756685000000000163e-01
3.254500000000000000e+04 3.780136000000000052e-01
3.255500000000000000e+04 3.803289999999999726e-01
3.256500000000000000e+04 3.826322999999999808e-01
3.257500000000000000e+04 3.850260999999999822e-01
3.258500000000000000e+04 3.875235000000000207e-01
3.259500000000000000e+04 3.899576000000000153e-01
3.260500000000000000e+04 3.921373000000000220e-01
3.261500000000000000e+04 3.940667999999999949e-01
3.262500000000000000e+04 3.958958000000000199e-01
3.263500000000000000e+04 3.976677000000000128e-01
3.264500000000000000e+04 3.993097999999999925e-01
3.265500000000000000e+04 4.007852000000000081e-01
3.266500000000000000e+04 4.021594000000000002e-01
3.267500000000000000e+04 4.035307000000000199e-01
3.268500000000000000e+04 4.049809999999999799e-01
3.269500000000000000e+04 4.066244999999999998e-01
3.270500000000000000e+04 4.084270999999999874e-01
3.271500000000000000e+04 4.100997000000000114e-01
3.272500000000000000e+04 4.113673999999999942e-01
3.273500000000000000e+04 4.122753000000000112e-01
3.274500000000000000e+04 4.130674999999999764e-01
3.275500000000000000e+04 4.138372000000000162e-01
3.276500000000000000e+04 4.145643999999999996e-01
3.277500000000000000e+04 4.152178000000000258e-01
3.278500000000000000e+04 4.157192000000000109e-01
3.279500000000000000e+04 4.159795000000000020e-01
3.280500000000000000e+04 4.160616999999999788e-01
3.281500000000000000e+04 4.161812999999999763e-01
3.282500000000000000e+04 4.163730999999999960e-01
3.283500000000000000e+04 4.164215000000000000e-01
3.284500000000000000e+04 4.161565999999999876e-01
3.285500000000000000e+04 4.156638000000000277e-01
3.286500000000000000e+04 4.151522000000000268e-01
3.287500000000000000e+04 4.147356999999999849e-01
3.288500000000000000e+04 4.144764000000000226e-01
3.289500000000000000e+04 4.143867999999999996e-01
3.290500000000000000e+04 4.143880999999999815e-01
3.291500000000000000e+04 4.143745999999999818e-01
3.292500000000000000e+04 4.142568999999999835e-01
3.293500000000000000e+04 4.139363999999999821e-01
3.294500000000000000e+04 4.134315000000000073e-01
3.295500000000000000e+04 4.129484999999999961e-01
3.296500000000000000e+04 4.126033000000000062e-01
3.297500000000000000e+04 4.122091999999999978e-01
3.298500000000000000e+04 4.114725000000000188e-01
3.299500000000000000e+04 4.104671999999999765e-01
3.300500000000000000e+04 4.095631000000000133e-01
3.301500000000000000e+04 4.089693999999999829e-01
3.302500000000000000e+04 4.087225999999999915e-01
3.303500000000000000e+04 4.087716000000000127e-01
3.304500000000000000e+04 4.088320999999999761e-01
3.305500000000000000e+04 4.084457000000000226e-01
3.306500000000000000e+04 4.075932999999999917e-01
3.307500000000000000e+04 4.067544000000000159e-01
3.308500000000000000e+04 4.062341999999999897e-01
3.309500000000000000e+04 4.059402999999999762e-01
3.310500000000000000e+04 4.056697000000000219e-01
3.311500000000000000e+04 4.054137999999999908e-01
3.312500000000000000e+04 4.052800999999999765e-01
3.313500000000000000e+04 4.052684999999999760e-01
3.314500000000000000e+04 4.052948000000000106e-01
3.315500000000000000e+04 4.052590999999999832e-01
3.316500000000000000e+04 4.050111000000000128e-01
3.317500000000000000e+04 4.043780000000000152e-01
3.318500000000000000e+04 4.034885000000000277e-01
3.319500000000000000e+04 4.027842999999999840e-01
3.320500000000000000e+04 4.025155000000000260e-01
3.321500000000000000e+04 4.026138000000000217e-01
3.322500000000000000e+04 4.029281000000000112e-01
3.323500000000000000e+04 4.033459999999999823e-01
3.324500000000000000e+04 4.037533999999999845e-01
3.325500000000000000e+04 4.040768000000000137e-01
3.326500000000000000e+04 4.043245999999999785e-01
3.327500000000000000e+04 4.045025999999999899e-01
3.328500000000000000e+04 4.045686000000000004e-01
3.329500000000000000e+04 4.044738999999999973e-01
3.330500000000000000e+04 4.043443999999999927e-01
3.331500000000000000e+04 4.044697999999999904e-01
3.332500000000000000e+04 4.049427999999999916e-01
3.333500000000000000e+04 4.055898000000000003e-01
3.334500000000000000e+04 4.062057000000000029e-01
3.335500000000000000e+04 4.066549999999999887e-01
3.336500000000000000e+04 4.068244999999999778e-01
3.337500000000000000e+04 4.067530999999999786e-01
3.338500000000000000e+04 4.066823999999999995e-01
3.339500000000000000e+04 4.067500000000000004e-01
3.340500000000000000e+04 4.068666000000000227e-01
3.341500000000000000e+04 4.068913000000000113e-01
3.342500000000000000e+04 4.068120000000000069e-01
3.343500000000000000e+04 4.066917999999999922e-01
3.344500000000000000e+04 4.065798999999999941e-01
3.345500000000000000e+04 4.065322000000000102e-01
3.346500000000000000e+04 4.065864000000000145e-01
3.347500000000000000e+04 4.067276000000000225e-01
3.348500000000000000e+04 4.069142000000000037e-01
3.349500000000000000e+04 4.070849999999999747e-01
3.350500000000000000e+04 4.071422000000000097e-01
3.351500000000000000e+04 4.070517000000000163e-01
3.352500000000000000e+04 4.068942999999999866e-01
3.353500000000000000e+04 4.067589999999999817e-01
3.354500000000000000e+04 4.066168000000000005e-01
3.355500000000000000e+04 4.063629000000000269e-01
3.356500000000000000e+04 4.059972000000000025e-01
3.357500000000000000e+04 4.056184999999999929e-01
3.358500000000000000e+04 4.053072999999999815e-01
3.359500000000000000e+04 4.051078000000000179e-01
3.360500000000000000e+04 4.050465999999999789e-01
3.361500000000000000e+04 4.050369999999999804e-01
3.362500000000000000e+04 4.048495999999999762e-01
3.363500000000000000e+04 4.044663000000000008e-01
3.364500000000000000e+04 4.041932999999999776e-01
3.365500000000000000e+04 4.042700000000000182e-01
3.366500000000000000e+04 4.045317999999999969e-01
3.367500000000000000e+04 4.046210000000000084e-01
3.368500000000000000e+04 4.043784000000000267e-01
3.369500000000000000e+04 4.037221999999999755e-01
3.370500000000000000e+04 4.027761000000000258e-01
3.371500000000000000e+04 4.020882000000000067e-01
3.372500000000000000e+04 4.022243999999999819e-01
3.373500000000000000e+04 4.030902000000000096e-01
3.374500000000000000e+04 4.041223999999999927e-01
3.375500000000000000e+04 4.049930999999999948e-01
3.376500000000000000e+04 4.055590000000000028e-01
3.377500000000000000e+04 4.057701000000000224e-01
3.378500000000000000e+04 4.058109999999999773e-01
3.379500000000000000e+04 4.059864000000000250e-01
3.380500000000000000e+04 4.063466000000000022e-01
3.381500000000000000e+04 4.066991999999999829e-01
3.382500000000000000e+04 4.069993000000000083e-01
3.383500000000000000e+04 4.074090000000000211e-01
3.384500000000000000e+04 4.080883000000000149e-01
3.385500000000000000e+04 4.090436000000000072e-01
3.386500000000000000e+04 4.101988999999999774e-01
3.387500000000000000e+04 4.114701000000000053e-01
3.388500000000000000e+04 4.127277999999999780e-01
3.389500000000000000e+04 4.138930000000000109e-01
3.390500000000000000e+04 4.150153999999999788e-01
3.391500000000000000e+04 4.161883000000000110e-01
3.392500000000000000e+04 4.173872000000000138e-01
3.393500000000000000e+04 4.184765999999999764e-01
3.394500000000000000e+04 4.194701000000000124e-01
3.395500000000000000e+04 4.205880000000000174e-01
3.396500000000000000e+04 4.219899999999999762e-01
3.397500000000000000e+04 4.235569000000000139e-01
3.398500000000000000e+04 4.250341000000000258e-01
3.399500000000000000e+04 4.263201999999999825e-01
3.400500000000000000e+04 4.274049999999999794e-01
3.401500000000000000e+04 4.283333999999999753e-01
3.402500000000000000e+04 4.292879000000000000e-01
3.403500000000000000e+04 4.304408000000000123e-01
3.404500000000000000e+04 4.316516000000000242e-01
3.405500000000000000e+04 4.325512000000000246e-01
3.406500000000000000e+04 4.330416999999999739e-01
3.407500000000000000e+04 4.332949999999999857e-01
3.408500000000000000e+04 4.334961999999999982e-01
3.409500000000000000e+04 4.338325000000000098e-01
3.410500000000000000e+04 4.344781999999999811e-01
3.411500000000000000e+04 4.353309000000000206e-01
3.412500000000000000e+04 4.360364999999999935e-01
3.413500000000000000e+04 4.363720999999999850e-01
3.414500000000000000e+04 4.362676999999999805e-01
3.415500000000000000e+04 4.357483999999999802e-01
3.416500000000000000e+04 4.350889000000000006e-01
3.417500000000000000e+04 4.347307000000000254e-01
3.418500000000000000e+04 4.347861000000000087e-01
3.419500000000000000e+04 4.350388000000000033e-01
3.420500000000000000e+04 4.352913999999999950e-01
3.421500000000000000e+04 4.353868000000000182e-01
3.422500000000000000e+04 4.351940999999999726e-01
3.423500000000000000e+04 4.348066999999999904e-01
3.424500000000000000e+04 4.345476999999999812e-01
3.425500000000000000e+04 4.344425000000000092e-01
3.426500000000000000e+04 4.341342999999999730e-01
3.427500000000000000e+04 4.333306000000000102e-01
3.428500000000000000e+04 4.320278000000000174e-01
3.429500000000000000e+04 4.303565999999999780e-01
3.430500000000000000e+04 4.285663000000000111e-01
3.431500000000000000e+04 4.270911000000000013e-01
3.432500000000000000e+04 4.261487999999999943e-01
3.433500000000000000e+04 4.255880000000000218e-01
3.434500000000000000e+04 4.251656999999999798e-01
3.435500000000000000e+04 4.247105999999999937e-01
3.436500000000000000e+04 4.240689000000000264e-01
3.437500000000000000e+04 4.232061999999999768e-01
3.438500000000000000e+04 4.222727000000000008e-01
3.439500000000000000e+04 4.213817000000000257e-01
3.440500000000000000e+04 4.205001999999999907e-01
3.441500000000000000e+04 4.195499999999999785e-01
3.442500000000000000e+04 4.185705000000000120e-01
3.443500000000000000e+04 4.176810000000000245e-01
3.444500000000000000e+04 4.169481999999999911e-01
3.445500000000000000e+04 4.163923999999999959e-01
3.446500000000000000e+04 4.160013000000000183e-01
3.447500000000000000e+04 4.156685999999999992e-01
3.448500000000000000e+04 4.152230000000000087e-01
3.449500000000000000e+04 4.146756999999999804e-01
3.450500000000000000e+04 4.142375999999999836e-01
3.451500000000000000e+04 4.140225000000000155e-01
3.452500000000000000e+04 4.139602000000000004e-01
3.453500000000000000e+04 4.139337000000000155e-01
3.454500000000000000e+04 4.138627999999999751e-01
3.455500000000000000e+04 4.136623999999999857e-01
3.456500000000000000e+04 4.133629999999999804e-01
3.457500000000000000e+04 4.131665999999999950e-01
3.458500000000000000e+04 4.132310000000000150e-01
3.459500000000000000e+04 4.135285000000000211e-01
3.460500000000000000e+04 4.139448000000000016e-01
3.461500000000000000e+04 4.144379000000000257e-01
3.462500000000000000e+04 4.150085000000000024e-01
3.463500000000000000e+04 4.156414999999999971e-01
3.464500000000000000e+04 4.163236000000000159e-01
3.465500000000000000e+04 4.170350999999999919e-01
3.466500000000000000e+04 4.176992999999999956e-01
3.467500000000000000e+04 4.181985999999999759e-01
3.468500000000000000e+04 4.185464999999999880e-01
3.469500000000000000e+04 4.188899999999999846e-01
3.470500000000000000e+04 4.193636000000000030e-01
3.471500000000000000e+04 4.200643000000000016e-01
3.472500000000000000e+04 4.210605000000000042e-01
3.473500000000000000e+04 4.222795999999999772e-01
3.474500000000000000e+04 4.235166000000000208e-01
3.475500000000000000e+04 4.246715999999999824e-01
3.476500000000000000e+04 4.257741999999999916e-01
3.477500000000000000e+04 4.268822999999999923e-01
3.478500000000000000e+04 4.280887999999999916e-01
3.479500000000000000e+04 4.295155999999999974e-01
3.480500000000000000e+04 4.311249999999999805e-01
3.481500000000000000e+04 4.327027999999999985e-01
3.482500000000000000e+04 4.341219000000000050e-01
3.483500000000000000e+04 4.354095000000000049e-01
3.484500000000000000e+04 4.366348999999999925e-01
3.485500000000000000e+04 4.378734000000000237e-01
3.486500000000000000e+04 4.392352999999999952e-01
3.487500000000000000e+04 4.406992000000000131e-01
3.488500000000000000e+04 4.420593999999999912e-01
3.489500000000000000e+04 4.431704000000000199e-01
3.490500000000000000e+04 4.440852000000000133e-01
3.491500000000000000e+04 4.449391999999999792e-01
3.492500000000000000e+04 4.458296999999999954e-01
3.493500000000000000e+04 4.468602999999999881e-01
3.494500000000000000e+04 4.480527000000000259e-01
3.495500000000000000e+04 4.492787999999999782e-01
3.496500000000000000e+04 4.504074000000000133e-01
3.497500000000000000e+04 4.514577000000000173e-01
3.498500000000000000e+04 4.525324000000000013e-01
3.499500000000000000e+04 4.536467000000000138e-01
3.500500000000000000e+04 4.547656999999999949e-01
3.501500000000000000e+04 4.558114999999999806e-01
3.502500000000000000e+04 4.566034999999999955e-01
3.503500000000000000e+04 4.569592000000000098e-01
3.504500000000000000e+04 4.569126000000000021e-01
3.505500000000000000e+04 4.566549999999999776e-01
3.506500000000000000e+04 4.563791999999999849e-01
3.507500000000000000e+04 4.563107000000000135e-01
3.508500000000000000e+04 4.566093999999999986e-01
3.509500000000000000e+04 4.572294000000000080e-01
3.510500000000000000e+04 4.580096000000000167e-01
3.511500000000000000e+04 4.588104000000000071e-01
3.512500000000000000e+04 4.594753999999999783e-01
3.513500000000000000e+04 4.599294999999999911e-01
3.514500000000000000e+04 4.602603000000000111e-01
3.515500000000000000e+04 4.605870000000000242e-01
3.516500000000000000e+04 4.609177999999999886e-01
3.517500000000000000e+04 4.611932999999999727e-01
3.518500000000000000e+04 4.613895000000000080e-01
3.519500000000000000e+04 4.614963999999999733e-01
3.520500000000000000e+04 4.615193000000000212e-01
3.521500000000000000e+04 4.615042999999999784e-01
3.522500000000000000e+04 4.615139999999999798e-01
3.523500000000000000e+04 4.615506999999999804e-01
3.524500000000000000e+04 4.615604999999999847e-01
3.525500000000000000e+04 4.615344000000000113e-01
3.526500000000000000e+04 4.615199999999999858e-01
3.527500000000000000e+04 4.615670000000000051e-01
3.528500000000000000e+04 4.617152999999999952e-01
3.529500000000000000e+04 4.620002000000000275e-01
3.530500000000000000e+04 4.623664000000000107e-01
3.531500000000000000e+04 4.626661000000000246e-01
3.532500000000000000e+04 4.627685000000000271e-01
3.533500000000000000e+04 4.625785000000000036e-01
3.534500000000000000e+04 4.620398000000000005e-01
3.535500000000000000e+04 4.612145999999999746e-01
3.536500000000000000e+04 4.602491000000000221e-01
3.537500000000000000e+04 4.593053999999999748e-01
3.538500000000000000e+04 4.585861999999999994e-01
3.539500000000000000e+04 4.582182000000000199e-01
3.540500000000000000e+04 4.581096000000000057e-01
3.541500000000000000e+04 4.580612000000000017e-01
3.542500000000000000e+04 4.579276999999999931e-01
3.543500000000000000e+04 4.575667999999999958e-01
3.544500000000000000e+04 4.569578000000000251e-01
3.545500000000000000e+04 4.563037999999999816e-01
3.546500000000000000e+04 4.558283000000000196e-01
3.547500000000000000e+04 4.555606999999999851e-01
3.548500000000000000e+04 4.554132000000000180e-01
3.549500000000000000e+04 4.553054999999999741e-01
3.550500000000000000e+04 4.551218000000000208e-01
3.551500000000000000e+04 4.547912000000000066e-01
3.552500000000000000e+04 4.543680999999999970e-01
3.553500000000000000e+04 4.539566999999999908e-01
3.554500000000000000e+04 4.535737000000000241e-01
3.555500000000000000e+04 4.531676000000000037e-01
3.556500000000000000e+04 4.527395000000000169e-01
3.557500000000000000e+04 4.523451000000000000e-01
3.558500000000000000e+04 4.520430999999999755e-01
3.559500000000000000e+04 4.518828999999999763e-01
3.560500000000000000e+04 4.519084999999999908e-01
3.561500000000000000e+04 4.520931999999999729e-01
3.562500000000000000e+04 4.523344999999999727e-01
3.563500000000000000e+04 4.525411999999999768e-01
3.564500000000000000e+04 4.526548000000000238e-01
3.565500000000000000e+04 4.526339999999999808e-01
3.566500000000000000e+04 4.524567999999999923e-01
3.567500000000000000e+04 4.521167999999999854e-01
3.568500000000000000e+04 4.516564000000000134e-01
3.569500000000000000e+04 4.511787999999999910e-01
3.570500000000000000e+04 4.507776000000000005e-01
3.571500000000000000e+04 4.504906000000000188e-01
3.572500000000000000e+04 4.503267000000000242e-01
3.573500000000000000e+04 4.502991000000000077e-01
3.574500000000000000e+04 4.504116000000000231e-01
3.575500000000000000e+04 4.506597999999999993e-01
3.576500000000000000e+04 4.510452999999999824e-01
3.577500000000000000e+04 4.515509999999999802e-01
3.578500000000000000e+04 4.520744999999999902e-01
3.579500000000000000e+04 4.524622999999999839e-01
3.580500000000000000e+04 4.526692999999999967e-01
3.581500000000000000e+04 4.527483999999999953e-01
3.582500000000000000e+04 4.527860000000000218e-01
3.583500000000000000e+04 4.529303000000000079e-01
3.584500000000000000e+04 4.533347999999999822e-01
3.585500000000000000e+04 4.539858999999999978e-01
3.586500000000000000e+04 4.547304999999999819e-01
3.587500000000000000e+04 4.554636000000000240e-01
3.588500000000000000e+04 4.561290000000000067e-01
3.589500000000000000e+04 4.566925000000000012e-01
3.590500000000000000e+04 4.571787999999999963e-01
3.591500000000000000e+04 4.576516999999999946e-01
3.592500000000000000e+04 4.581266999999999978e-01
3.593500000000000000e+04 4.585719999999999796e-01
3.594500000000000000e+04 4.589713999999999738e-01
3.595500000000000000e+04 4.593341000000000229e-01
3.596500000000000000e+04 4.596697000000000144e-01
3.597500000000000000e+04 4.599571000000000076e-01
3.598500000000000000e+04 4.601588999999999818e-01
3.599500000000000000e+04 4.602509000000000183e-01
3.600500000000000000e+04 4.602113999999999927e-01
3.601500000000000000e+04 4.600466000000000277e-01
3.602500000000000000e+04 4.598360000000000225e-01
3.603500000000000000e+04 4.596889000000000114e-01
3.604500000000000000e+04 4.596040000000000125e-01
3.605500000000000000e+04 4.594771999999999745e-01
3.606500000000000000e+04 4.592758000000000118e-01
3.607500000000000000e+04 4.590614000000000083e-01
3.608500000000000000e+04 4.589062999999999892e-01
3.609500000000000000e+04 4.588720000000000021e-01
3.610500000000000000e+04 4.590258999999999867e-01
3.611500000000000000e+04 4.593074999999999797e-01
3.612500000000000000e+04 4.595041000000000264e-01
3.613500000000000000e+04 4.594720999999999944e-01
3.614500000000000000e+04 4.592180000000000151e-01
3.615500000000000000e+04 4.588057999999999859e-01
3.616500000000000000e+04 4.583233999999999919e-01
3.617500000000000000e+04 4.579040999999999806e-01
3.618500000000000000e+04 4.575947000000000209e-01
3.619500000000000000e+04 4.573116999999999877e-01
3.620500000000000000e+04 4.569793999999999801e-01
3.621500000000000000e+04 4.566106999999999805e-01
3.622500000000000000e+04 4.562547000000000130e-01
3.623500000000000000e+04 4.559310999999999781e-01
3.624500000000000000e+04 4.556600000000000095e-01
3.625500000000000000e+04 4.554124999999999979e-01
3.626500000000000000e+04 4.550683999999999840e-01
3.627500000000000000e+04 4.545075000000000087e-01
3.628500000000000000e+04 4.537207999999999797e-01
3.629500000000000000e+04 4.527709999999999790e-01
3.630500000000000000e+04 4.517309999999999937e-01
3.631500000000000000e+04 4.507056999999999869e-01
3.632500000000000000e+04 4.497748999999999775e-01
3.633500000000000000e+04 4.489404000000000172e-01
3.634500000000000000e+04 4.481689999999999841e-01
3.635500000000000000e+04 4.474590999999999985e-01
3.636500000000000000e+04 4.468204000000000065e-01
3.637500000000000000e+04 4.462613999999999748e-01
3.638500000000000000e+04 4.458128000000000091e-01
3.639500000000000000e+04 4.454780999999999880e-01
3.640500000000000000e+04 4.451414000000000204e-01
3.641500000000000000e+04 4.446208999999999856e-01
3.642500000000000000e+04 4.438782000000000005e-01
3.643500000000000000e+04 4.429996999999999963e-01
3.644500000000000000e+04 4.420927000000000051e-01
3.645500000000000000e+04 4.413116000000000261e-01
3.646500000000000000e+04 4.407986999999999878e-01
3.647500000000000000e+04 4.404905000000000070e-01
3.648500000000000000e+04 4.401631999999999767e-01
3.649500000000000000e+04 4.396991000000000094e-01
3.650500000000000000e+04 4.390747999999999873e-01
3.651500000000000000e+04 4.383252000000000259e-01
3.652500000000000000e+04 4.376263000000000236e-01
3.653500000000000000e+04 4.372169000000000194e-01
3.654500000000000000e+04 4.371282000000000223e-01
3.655500000000000000e+04 4.372195999999999860e-01
3.656500000000000000e+04 4.373415999999999970e-01
3.657500000000000000e+04 4.373051000000000021e-01
3.658500000000000000e+04 4.369605999999999768e-01
3.659500000000000000e+04 4.363924000000000136e-01
3.660500000000000000e+04 4.358453999999999939e-01
3.661500000000000000e+04 4.354548999999999781e-01
3.662500000000000000e+04 4.352678999999999854e-01
3.663500000000000000e+04 4.352890999999999844e-01
3.664500000000000000e+04 4.354240999999999806e-01
3.665500000000000000e+04 4.355433000000000221e-01
3.666500000000000000e+04 4.356438999999999728e-01
3.667500000000000000e+04 4.358276999999999846e-01
3.668500000000000000e+04 4.361431000000000058e-01
3.669500000000000000e+04 4.365843999999999836e-01
3.670500000000000000e+04 4.371244000000000240e-01
3.671500000000000000e+04 4.376913000000000054e-01
3.672500000000000000e+04 4.381906999999999885e-01
3.673500000000000000e+04 4.385653999999999941e-01
3.674500000000000000e+04 4.387887999999999789e-01
3.675500000000000000e+04 4.388798999999999895e-01
3.676500000000000000e+04 4.389264999999999972e-01
3.677500000000000000e+04 4.390397999999999801e-01
3.678500000000000000e+04 4.393503999999999743e-01
3.679500000000000000e+04 4.400086000000000275e-01
3.680500000000000000e+04 4.410262999999999822e-01
3.681500000000000000e+04 4.422553000000000178e-01
3.682500000000000000e+04 4.435216000000000158e-01
3.683500000000000000e+04 4.446411000000000113e-01
3.684500000000000000e+04 4.454391999999999796e-01
3.685500000000000000e+04 4.459271000000000207e-01
3.686500000000000000e+04 4.462871999999999950e-01
3.687500000000000000e+04 4.466845999999999872e-01
3.688500000000000000e+04 4.472673999999999817e-01
3.689500000000000000e+04 4.481419999999999848e-01
3.690500000000000000e+04 4.492524999999999991e-01
3.691500000000000000e+04 4.504274999999999807e-01
3.692500000000000000e+04 4.515741999999999812e-01
3.693500000000000000e+04 4.526731999999999978e-01
3.694500000000000000e+04 4.537070999999999743e-01
3.695500000000000000e+04 4.546657000000000060e-01
3.696500000000000000e+04 4.555474999999999941e-01
3.697500000000000000e+04 4.563627000000000100e-01
3.698500000000000000e+04 4.571373000000000242e-01
3.699500000000000000e+04 4.578717999999999955e-01
3.700500000000000000e+04 4.585250000000000159e-01
3.701500000000000000e+04 4.590735000000000232e-01
3.702500000000000000e+04 4.595587999999999895e-01
3.703500000000000000e+04 4.600525999999999782e-01
3.704500000000000000e+04 4.606332000000000204e-01
3.705500000000000000e+04 4.613951000000000024e-01
3.706500000000000000e+04 4.623835000000000028e-01
3.707500000000000000e+04 4.635633000000000115e-01
3.708500000000000000e+04 4.648632999999999793e-01
3.709500000000000000e+04 4.661830000000000140e-01
3.710500000000000000e+04 4.673970000000000069e-01
3.711500000000000000e+04 4.684211999999999820e-01
3.712500000000000000e+04 4.692226999999999926e-01
3.713500000000000000e+04 4.697930000000000161e-01
3.714500000000000000e+04 4.701580000000000203e-01
3.715500000000000000e+04 4.703663000000000149e-01
3.716500000000000000e+04 4.704629000000000172e-01
3.717500000000000000e+04 4.704880000000000173e-01
3.718500000000000000e+04 4.704869999999999886e-01
3.719500000000000000e+04 4.705088000000000048e-01
3.720500000000000000e+04 4.705944000000000238e-01
3.721500000000000000e+04 4.707668999999999881e-01
3.722500000000000000e+04 4.710339000000000054e-01
3.723500000000000000e+04 4.713882999999999823e-01
3.724500000000000000e+04 4.718080000000000052e-01
3.725500000000000000e+04 4.722584000000000226e-01
3.726500000000000000e+04 4.726922000000000068e-01
3.727500000000000000e+04 4.730597999999999748e-01
3.728500000000000000e+04 4.733111999999999875e-01
3.729500000000000000e+04 4.733915000000000206e-01
3.730500000000000000e+04 4.733047000000000226e-01
3.731500000000000000e+04 4.731253999999999738e-01
3.732500000000000000e+04 4.729353000000000029e-01
3.733500000000000000e+04 4.728046000000000193e-01
3.734500000000000000e+04 4.727980999999999989e-01
3.735500000000000000e+04 4.728893000000000124e-01
3.736500000000000000e+04 4.729470000000000063e-01
3.737500000000000000e+04 4.729075999999999835e-01
3.738500000000000000e+04 4.728241000000000249e-01
3.739500000000000000e+04 4.727693000000000034e-01
3.740500000000000000e+04 4.727793000000000134e-01
3.741500000000000000e+04 4.728796000000000110e-01
3.742500000000000000e+04 4.730328999999999784e-01
3.743500000000000000e+04 4.731117000000000239e-01
3.744500000000000000e+04 4.730223000000000066e-01
3.745500000000000000e+04 4.727688999999999919e-01
3.746500000000000000e+04 4.723990000000000133e-01
3.747500000000000000e+04 4.719454000000000149e-01
3.748500000000000000e+04 4.714403999999999817e-01
3.749500000000000000e+04 4.709224000000000188e-01
3.750500000000000000e+04 4.704230999999999829e-01
3.751500000000000000e+04 4.699756999999999962e-01
3.752500000000000000e+04 4.696371999999999769e-01
3.753500000000000000e+04 4.694702000000000042e-01
3.754500000000000000e+04 4.694645000000000068e-01
3.755500000000000000e+04 4.695556000000000174e-01
3.756500000000000000e+04 4.696388000000000229e-01
3.757500000000000000e+04 4.695329999999999782e-01
3.758500000000000000e+04 4.690669000000000088e-01
3.759500000000000000e+04 4.682539000000000007e-01
3.760500000000000000e+04 4.672433999999999754e-01
3.761500000000000000e+04 4.661804999999999977e-01
3.762500000000000000e+04 4.652232000000000034e-01
3.763500000000000000e+04 4.644962000000000257e-01
3.764500000000000000e+04 4.640254999999999797e-01
3.765500000000000000e+04 4.637763999999999776e-01
3.766500000000000000e+04 4.636711000000000027e-01
3.767500000000000000e+04 4.635848000000000191e-01
3.768500000000000000e+04 4.634135999999999811e-01
3.769500000000000000e+04 4.630927000000000238e-01
3.770500000000000000e+04 4.625920000000000032e-01
3.771500000000000000e+04 4.619643999999999973e-01
3.772500000000000000e+04 4.613166000000000211e-01
3.773500000000000000e+04 4.607431000000000165e-01
3.774500000000000000e+04 4.603406999999999916e-01
3.775500000000000000e+04 4.601481000000000043e-01
3.776500000000000000e+04 4.600761999999999907e-01
3.777500000000000000e+04 4.599872999999999879e-01
3.778500000000000000e+04 4.598184000000000160e-01
3.779500000000000000e+04 4.595680999999999794e-01
3.780500000000000000e+04 4.592221000000000219e-01
3.781500000000000000e+04 4.587497999999999854e-01
3.782500000000000000e+04 4.581537999999999999e-01
3.783500000000000000e+04 4.575301999999999980e-01
3.784500000000000000e+04 4.570199999999999818e-01
3.785500000000000000e+04 4.567063000000000095e-01
3.786500000000000000e+04 4.566336999999999757e-01
3.787500000000000000e+04 4.567860999999999727e-01
3.788500000000000000e+04 4.570416999999999952e-01
3.789500000000000000e+04 4.572565000000000102e-01
3.790500000000000000e+04 4.573495000000000199e-01
3.791500000000000000e+04 4.572702000000000155e-01
3.792500000000000000e+04 4.570579000000000169e-01
3.793500000000000000e+04 4.568864000000000258e-01
3.794500000000000000e+04 4.568824000000000218e-01
3.795500000000000000e+04 4.570078000000000196e-01
3.796500000000000000e+04 4.571552999999999867e-01
3.797500000000000000e+04 4.572187999999999808e-01
3.798500000000000000e+04 4.570494999999999974e-01
3.799500000000000000e+04 4.566311000000000120e-01
3.800500000000000000e+04 4.561606999999999745e-01
3.801500000000000000e+04 4.558518999999999766e-01
3.802500000000000000e+04 4.557977999999999752e-01
3.803500000000000000e+04 4.560272000000000214e-01
3.804500000000000000e+04 4.564396000000000009e-01
3.805500000000000000e+04 4.567730999999999875e-01
3.806500000000000000e+04 4.568156999999999912e-01
3.807500000000000000e+04 4.564726000000000061e-01
3.808500000000000000e+04 4.557204000000000255e-01
3.809500000000000000e+04 4.547363999999999851e-01
3.810500000000000000e+04 4.538845000000000240e-01
3.811500000000000000e+04 4.533510000000000040e-01
3.812500000000000000e+04 4.530973999999999835e-01
3.813500000000000000e+04 4.530275000000000274e-01
3.814500000000000000e+04 4.529854999999999854e-01
3.815500000000000000e+04 4.527737000000000012e-01
3.816500000000000000e+04 4.523386999999999825e-01
3.817500000000000000e+04 4.517787999999999804e-01
3.818500000000000000e+04 4.511663000000000201e-01
3.819500000000000000e+04 4.505347000000000102e-01
3.820500000000000000e+04 4.499028999999999945e-01
3.821500000000000000e+04 4.492345999999999839e-01
3.822500000000000000e+04 4.484448999999999796e-01
3.823500000000000000e+04 4.475238000000000271e-01
3.824500000000000000e+04 4.465368000000000115e-01
3.825500000000000000e+04 4.455605999999999733e-01
3.826500000000000000e+04 4.446878000000000219e-01
3.827500000000000000e+04 4.440076000000000023e-01
3.828500000000000000e+04 4.435026000000000246e-01
3.829500000000000000e+04 4.430672999999999973e-01
3.830500000000000000e+04 4.426023000000000041e-01
3.831500000000000000e+04 4.420028999999999764e-01
3.832500000000000000e+04 4.412014000000000213e-01
3.833500000000000000e+04 4.402741000000000016e-01
3.834500000000000000e+04 4.393817999999999890e-01
3.835500000000000000e+04 4.386161000000000088e-01
3.836500000000000000e+04 4.380267999999999939e-01
3.837500000000000000e+04 4.375953000000000204e-01
3.838500000000000000e+04 4.371630000000000238e-01
3.839500000000000000e+04 4.365429000000000115e-01
3.840500000000000000e+04 4.356770999999999838e-01
3.841500000000000000e+04 4.345914000000000166e-01
3.842500000000000000e+04 4.333780999999999883e-01
3.843500000000000000e+04 4.322406999999999777e-01
3.844500000000000000e+04 4.313491999999999882e-01
3.845500000000000000e+04 4.307232999999999756e-01
3.846500000000000000e+04 4.303035000000000054e-01
3.847500000000000000e+04 4.300092999999999832e-01
3.848500000000000000e+04 4.297138999999999820e-01
3.849500000000000000e+04 4.293430999999999775e-01
3.850500000000000000e+04 4.289167999999999870e-01
3.851500000000000000e+04 4.284860999999999809e-01
3.852500000000000000e+04 4.281248000000000276e-01
3.853500000000000000e+04 4.279356000000000271e-01
3.854500000000000000e+04 4.279246999999999912e-01
3.855500000000000000e+04 4.279792000000000041e-01
3.856500000000000000e+04 4.280106000000000188e-01
3.857500000000000000e+04 4.280051000000000272e-01
3.858500000000000000e+04 4.279815000000000147e-01
3.859500000000000000e+04 4.279942999999999942e-01
3.860500000000000000e+04 4.281402999999999737e-01
3.861500000000000000e+04 4.284789999999999988e-01
3.862500000000000000e+04 4.290158000000000027e-01
3.863500000000000000e+04 4.297379000000000060e-01
3.864500000000000000e+04 4.306146000000000140e-01
3.865500000000000000e+04 4.315992000000000162e-01
3.866500000000000000e+04 4.326598999999999862e-01
3.867500000000000000e+04 4.337841000000000058e-01
3.868500000000000000e+04 4.349520000000000053e-01
3.869500000000000000e+04 4.361308999999999880e-01
3.870500000000000000e+04 4.372884000000000215e-01
3.871500000000000000e+04 4.384039000000000130e-01
3.872500000000000000e+04 4.394654000000000060e-01
3.873500000000000000e+04 4.404658000000000184e-01
3.874500000000000000e+04 4.414043999999999746e-01
3.875500000000000000e+04 4.422827999999999760e-01
3.876500000000000000e+04 4.431005000000000082e-01
3.877500000000000000e+04 4.438576000000000188e-01
3.878500000000000000e+04 4.445476999999999901e-01
3.879500000000000000e+04 4.451583000000000068e-01
3.880500000000000000e+04 4.456860999999999740e-01
3.881500000000000000e+04 4.461345999999999923e-01
3.882500000000000000e+04 4.465136000000000105e-01
3.883500000000000000e+04 4.468709000000000153e-01
3.884500000000000000e+04 4.472828999999999833e-01
3.885500000000000000e+04 4.477257000000000042e-01
3.886500000000000000e+04 4.480569999999999831e-01
3.887500000000000000e+04 4.481628999999999752e-01
3.888500000000000000e+04 4.480176000000000158e-01
3.889500000000000000e+04 4.476191999999999949e-01
3.890500000000000000e+04 4.469194000000000222e-01
3.891500000000000000e+04 4.458520999999999734e-01
3.892500000000000000e+04 4.443309999999999760e-01
3.893500000000000000e+04 4.422272999999999898e-01
3.894500000000000000e+04 4.394465000000000177e-01
3.895500000000000000e+04 4.360056999999999960e-01
3.896500000000000000e+04 4.319811000000000067e-01
3.897500000000000000e+04 4.274776000000000131e-01
3.898500000000000000e+04 4.226501999999999759e-01
3.899500000000000000e+04 4.175721000000000016e-01
3.900500000000000000e+04 4.121737999999999791e-01
3.901500000000000000e+04 4.063359999999999750e-01
3.902500000000000000e+04 3.999075999999999742e-01
3.903500000000000000e+04 3.927045000000000119e-01
3.904500000000000000e+04 3.846938999999999775e-01
3.905500000000000000e+04 3.759996999999999923e-01
3.906500000000000000e+04 3.668016000000000054e-01
3.907500000000000000e+04 3.574024000000000090e-01
3.908500000000000000e+04 3.481401000000000079e-01
3.909500000000000000e+04 3.388611000000000262e-01
3.910500000000000000e+04 3.289431999999999912e-01
3.911500000000000000e+04 3.180687999999999849e-01
3.912500000000000000e+04 3.063507999999999787e-01
3.913500000000000000e+04 2.940196999999999949e-01
3.914500000000000000e+04 2.813586000000000142e-01
3.915500000000000000e+04 2.687066000000000177e-01
3.916500000000000000e+04 2.562844000000000233e-01
3.917500000000000000e+04 2.441801999999999861e-01
3.918500000000000000e+04 2.323977999999999877e-01
3.919500000000000000e+04 2.208026999999999906e-01
3.920500000000000000e+04 2.092166000000000026e-01
3.921500000000000000e+04 1.975418999999999925e-01
3.922500000000000000e+04 1.857199999999999962e-01
3.923500000000000000e+04 1.738533999999999913e-01
3.924500000000000000e+04 1.622848000000000068e-01
3.925500000000000000e+04 1.513241999999999921e-01
3.926500000000000000e+04 1.410565000000000013e-01
3.927500000000000000e+04 1.314451000000000092e-01
3.928500000000000000e+04 1.224224000000000007e-01
3.929500000000000000e+04 1.138470000000000037e-01
3.930500000000000000e+04 1.056200000000000055e-01
3.931500000000000000e+04 9.775053999999999688e-02
3.932500000000000000e+04 9.026995000000000158e-02
3.933500000000000000e+04 8.313745999999999636e-02
3.934500000000000000e+04 7.626040000000000596e-02
3.935500000000000000e+04 6.966271000000000269e-02
3.936500000000000000e+04 6.350026999999999755e-02
3.937500000000000000e+04 5.788747999999999810e-02
3.938500000000000000e+04 5.281600999999999657e-02
3.939500000000000000e+04 4.822350999999999721e-02
3.940500000000000000e+04 4.403785999999999812e-02
3.941500000000000000e+04 4.015674000000000327e-02
3.942500000000000000e+04 3.652153000000000344e-02
3.943500000000000000e+04 3.314857999999999694e-02
3.944500000000000000e+04 3.006311000000000053e-02
3.945500000000000000e+04 2.726057999999999953e-02
3.946500000000000000e+04 2.472202999999999901e-02
3.947500000000000000e+04 2.242552000000000087e-02
3.948500000000000000e+04 2.034089999999999857e-02
3.949500000000000000e+04 1.843534999999999965e-02
3.950500000000000000e+04 1.667280999999999971e-02
3.951500000000000000e+04 1.502110000000000077e-02
3.952500000000000000e+04 1.346813000000000003e-02
3.953500000000000000e+04 1.201457000000000046e-02
3.954500000000000000e+04 1.067375999999999915e-02
3.955500000000000000e+04 9.480196999999999236e-03
3.956500000000000000e+04 8.454827999999999302e-03
3.957500000000000000e+04 7.571233000000000130e-03
3.958500000000000000e+04 6.780017999999999635e-03
3.959500000000000000e+04 6.048613000000000427e-03
3.960500000000000000e+04 5.353965999999999933e-03
3.961500000000000000e+04 4.685377999999999592e-03
3.962500000000000000e+04 4.053860000000000276e-03
3.963500000000000000e+04 3.477791999999999949e-03
3.964500000000000000e+04 2.976392999999999921e-03
3.965500000000000000e+04 2.570322999999999792e-03
3.966500000000000000e+04 2.262528000000000195e-03
3.967500000000000000e+04 2.034539000000000139e-03
3.968500000000000000e+04 1.865548999999999983e-03
3.969500000000000000e+04 1.735785000000000106e-03
3.970500000000000000e+04 1.626487000000000028e-03
3.971500000000000000e+04 1.528014000000000065e-03
3.972500000000000000e+04 1.439390000000000027e-03
3.973500000000000000e+04 1.361433000000000001e-03
3.974500000000000000e+04 1.297804000000000058e-03
3.975500000000000000e+04 1.251860000000000039e-03
3.976500000000000000e+04 1.222435999999999922e-03
3.977500000000000000e+04 1.206243999999999979e-03
3.978500000000000000e+04 1.196182999999999969e-03
3.979500000000000000e+04 1.179067999999999913e-03
3.980500000000000000e+04 1.149307999999999927e-03
3.981500000000000000e+04 1.115515000000000083e-03
3.982500000000000000e+04 1.090152999999999955e-03
3.983500000000000000e+04 1.080901999999999905e-03
3.984500000000000000e+04 1.092763000000000068e-03
3.985500000000000000e+04 1.125530000000000020e-03
3.986500000000000000e+04 1.172136000000000055e-03
3.987500000000000000e+04 1.223218000000000092e-03
3.988500000000000000e+04 1.266792999999999999e-03
3.989500000000000000e+04 1.290371000000000009e-03
3.990500000000000000e+04 1.291196000000000097e-03
3.991500000000000000e+04 1.275742999999999973e-03
3.992500000000000000e+04 1.250255999999999937e-03
3.993500000000000000e+04 1.220378999999999952e-03
3.994500000000000000e+04 1.191409000000000044e-03
3.995500000000000000e+04 1.166506000000000097e-03
3.996500000000000000e+04 1.146906000000000054e-03
3.997500000000000000e+04 1.132006000000000071e-03
3.998500000000000000e+04 1.119156999999999964e-03
3.999500000000000000e+04 1.104989999999999922e-03
4.000500000000000000e+04 1.085531000000000039e-03
4.001500000000000000e+04 1.057002000000000028e-03
4.002500000000000000e+04 1.018466999999999897e-03
4.003500000000000000e+04 9.716475999999999499e-04
4.004500000000000000e+04 9.181597000000000109e-04
4.005500000000000000e+04 8.594963999999999859e-04
4.006500000000000000e+04 7.978752000000000413e-04
4.007500000000000000e+04 7.362952000000000516e-04
4.008500000000000000e+04 6.775661999999999571e-04
4.009500000000000000e+04 6.276848000000000453e-04
4.010500000000000000e+04 5.924574999999999633e-04
4.011500000000000000e+04 6.210004000000000522e-04
4.012500000000000000e+04 2.937074000000000130e-04
4.013500000000000000e+04 0.000000000000000000e+00
4.014500000000000000e+04 4.486667000000000321e-06
4.015500000000000000e+04 0.000000000000000000e+00
4.016500000000000000e+04 0.000000000000000000e+00
