1.215670000000000073e+03
1.025720000000000027e+03
9.725370000000000346e+02
9.497430000000000518e+02
9.378039999999999736e+02
9.307480000000000473e+02
9.262259999999999991e+02
9.231499999999999773e+02
6.562810000000000400e+03
4.861329999999999927e+03
4.340460000000000036e+03
4.101729999999999563e+03
3.970070000000000164e+03
3.889050000000000182e+03
3.835380000000000109e+03
3.797889999999999873e+03
1.875100000000000000e+04
1.281800000000000000e+04
1.093800000000000000e+04
1.004929999999999927e+04
9.545930000000000291e+03
9.228969999999999345e+03
9.014870000000000800e+03
4.051130000000000291e+04
2.625129999999999927e+04
2.165509999999999854e+04
1.944540000000000146e+04
1.817400000000000000e+04
1.736200000000000000e+04
7.457769999999999709e+04
4.652469999999999709e+04
3.739509999999999854e+04
3.296069999999999709e+04
3.038350000000000000e+04
1.236840000000000000e+05
7.500380000000000291e+04
5.906550000000000000e+04
5.127219999999999709e+04
4.471489999999999782e+03
5.875640000000000327e+03
6.678149999999999636e+03
1.083029999999999927e+04
3.888630000000000109e+03
7.065220000000000255e+03
1.640430000000000064e+03
4.685640000000000327e+03
9.850000000000000000e+03
8.727129999999999200e+03
4.621569999999999709e+03
6.095900000000000000e+06
3.702690000000000000e+06
1.576360000000000000e+06
2.326000000000000000e+03
1.908730000000000018e+03
1.906680000000000064e+03
5.200260000000000218e+03
6.583449999999999818e+03
6.548050000000000182e+03
5.754609999999999673e+03
1.217670000000000000e+06
2.052440000000000000e+06
2.139010000000000218e+03
5.732380000000000000e+05
6.300300000000000182e+03
6.363779999999999745e+03
5.577340000000000146e+03
6.316790000000000000e+05
1.454950000000000000e+06
3.726000000000000000e+03
3.729000000000000000e+03
7.332000000000000000e+03
7.323000000000000000e+03
2.471000000000000000e+03
1.660809999999999945e+03
1.666150000000000091e+03
5.006840000000000146e+03
4.958909999999999854e+03
4.363000000000000000e+03
2.320949999999999818e+03
8.833230000000000000e+05
5.180040000000000000e+05
1.281010000000000000e+05
1.555090000000000000e+05
3.600360000000000000e+05
3.868760000000000218e+03
3.967469999999999800e+03
3.342179999999999836e+03
1.814559999999999945e+03
4.720000000000000000e+03
2.795530000000000200e+03
2.802710000000000036e+03
3.480460000000000000e+05
1.033639999999999964e+04
6.730819999999999709e+03
6.716439999999999600e+03
4.068599999999999909e+03
4.076349999999999909e+03
1.870780000000000000e+05
3.347040000000000000e+05
9.530620000000000800e+03
9.068620000000000800e+03
6.312060000000000400e+03
3.721630000000000109e+03
1.050760000000000000e+05
6.983369999999999709e+04
7.135789999999999964e+03
7.751109999999999673e+03
5.191819999999999709e+03
3.109179999999999836e+03
2.182530000000000000e+05
8.988980000000000291e+04
7.332149999999999636e+03
2.669150000000000091e+03
2.660349999999999909e+03
1.855930000000000064e+03
1.862309999999999945e+03
1.436390000000000000e+05
8.578700000000000728e+03
9.123600000000000364e+03
5.537869999999999891e+03
5.517710000000000036e+03
6.062630000000000000e+05
3.286200000000000000e+05
1.256679999999999927e+04